 0 0
 0 1
 0 2
 0 3
 0 4
 0 5
 0 6
 0 7
 0 8
 0 9
 010
 011
 012
 013
 014
 015
 016
 017
 018
 019
 020
 021
 022
 023
 024
 025
 026
 027
 028
 029
 030
 031
31 0
31 1
31 2
31 3
31 4
31 5
31 6
31 7
31 8
31 9
3110
3111
3112
3113
3114
3115
3116
3117
3118
3119
3120
3121
3122
3123
3124
3125
3126
3127
3128
3129
3130
3131
 1 0
 2 0
 3 0
 4 0
 5 0
 6 0
 7 0
 8 0
 9 0
10 0
11 0
12 0
13 0
14 0
15 0
16 0
17 0
18 0
19 0
20 0
21 0
22 0
23 0
24 0
25 0
26 0
27 0
28 0
29 0
30 0
31 0
 131
 231
 331
 431
 531
 631
 731
 831
 931
1031
1131
1231
1331
1431
1531
1631
1731
1831
1931
2031
2131
2231
2331
2431
2531
2631
2731
2831
2931
3031
3131
 2 2
 3 2
 4 2
 5 2
 6 2
 7 2
 8 2
 9 2
10 2
11 2
12 2
13 2
14 2
15 2
16 2
17 2
18 2
19 2
20 2
21 2
22 2
23 2
24 2
25 2
26 2
27 2
28 2
29 2
29 3
29 4
29 5
29 6
 2 4
 2 5
 2 6
 2 7
 2 8
 2 9
 210
 211
 212
 213
 214
 215
 216
 217
 218
 219
 220
 221
 222
 223
 224
 225
 226
 227
 228
 3 4
 3 5
 3 6
 3 7
 3 8
 3 9
 324
 325
 326
 327
 328
 5 5
 5 6
 5 7
 5 8
 5 9
 6 5
 7 5
 8 5
 9 5
10 5
11 5
13 5
14 5
15 5
15 4
16 4
17 4
18 4
19 4
20 4
22 5
23 5
24 5
25 5
26 5
27 5
27 6
27 7
27 8
27 9
26 8
26 9
25 8
25 9
22 8
20 7
20 8
20 9
2010
2011
19 7
18 7
17 7
16 7
15 7
14 7
13 7
10 7
 9 7
 8 7
 7 7
 7 8
 7 9
 710
 711
 712
 713
 714
 512
 513
 412
 413
 516
 616
 716
 816
 916
1016
1116
1216
1316
1416
1516
1716
1816
1916
2016
2116
2216
2316
2416
2516
2616
2716
1015
1014
1013
1012
1011
10 9
 9 9
12 9
13 9
14 9
15 9
16 9
1210
1310
1410
1510
1610
1810
18 9
1017
1018
1019
1020
1021
2215
2214
2213
2212
2211
2217
2218
2219
2220
2221
1212
1213
1214
1312
1313
1314
1412
1413
1414
1612
1613
1614
1712
1713
1714
1812
1813
1814
2414
2514
2614
2613
2612
2611
2711
2811
2913
2914
2915
2820
2720
2620
2619
2618
2621
2622
2520
2420
2020
2019
1820
1720
1620
1520
1420
1320
1220
1819
1719
1619
1519
1419
1319
1219
1818
1718
1618
1518
1418
1318
1218
 718
 719
 720
 721
 722
 723
 724
 824
 924
1024
1124
1224
1324
 519
 520
 521
 519
 520
 521
 524
 525
 526
 527
 528
 628
 728
 828
 928
1028
1128
1228
1524
1523
1522
1525
1526
1527
1422
1322
1222
1622
1722
1822
1824
1825
1924
1925
2024
2025
2124
2125
2224
2225
1827
1727
1927
2027
1728
1729
2228
2328
2428
2528
2628
2728
2727
2726
2725
2724
2624
2625
2525
2524
2928
2927
2926
2925
2924
2923
0